46 35 -11
67 36 -5
80 37 3
44 38 -7
115 87 -27
83 46 -9
70 50 -11
55 51 -12
122 52 -19
69 54 -7
70 58 -30
80 63 3
115 65 -5
55 67 -19
63 73 2
91 77 -13
55 79 -19
84 83 -19
76 85 -9
71 91 2
80 99 -8
35 101 -8
122 103 -12
86 104 -3
84 106 -5
80 107 3
106 110 2
114 113 -12
44 114 3
88 115 -5
103 116 -10
84 119 -31
114 35 -10
70 92 9
99 122 -4
69 99 -7
86 57 -11
81 40 3
55 120 -19
91 120 -13
89 110 -31
83 39 -19
55 100 -31
84 71 -21
91 100 -13
101 88 -4
106 72 2
57 86 -12
69 119 -26
86 37 -6
53 55 -7
71 85 2
67 54 -5
52 102 -13
88 102 -16
102 101 -11
65 49 -16
101 49 -18
67 113 -5
42 55 -7
63 102 3
99 102 -4
99 83 -6
114 55 -36
63 83 -12
68 67 2
113 116 -10
106 112 2
37 71 -4
34 112 -15
70 112 -38
122 38 -9
98 50 -7
40 108 -3
106 33 2
81 73 3
114 114 -12
76 89 -31
111 115 -2
103 34 15
46 41 -2
57 47 -23
75 115 -5
39 115 15
44 80 3
80 80 3
66 42 -13
90 48 -14
110 44 4
87 109 -20
69 79 -15
118 46 -28
110 63 -19
59 111 -9
66 119 -8
52 63 -14
92 53 -6
34 111 -15
71 46 -17
70 111 -38
52 50 -12
106 111 2
118 86 -14
82 86 -18
68 87 -12
104 87 -21
83 58 -9
91 81 -13
55 81 -19
116 41 -12
106 52 2
70 52 -45
34 52 -36
89 56 -21
97 116 -10
71 105 2
119 54 -10
121 53 -9
40 50 -3
86 38 -13
88 121 -22
44 40 -4
112 50 -7
107 35 -8
58 99 -8
59 33 3
87 110 -20
92 54 -6
91 101 -13
58 39 15
79 68 2
55 101 -31
80 100 -8
44 100 -9
116 100 -11
59 71 -2
121 103 -9
111 37 -7
112 88 -12
98 51 -4
97 119 -9
47 118 -11
88 83 -10
90 44 4
115 67 -3
59 72 3
121 44 -27
69 39 3
69 100 -7
64 37 -3
36 118 -9
89 90 -4
85 65 -9
115 64 -3
121 65 -26
41 120 -3
49 44 3
46 85 -8
82 85 -8
44 79 -19
40 49 -10
87 50 -8
112 49 -16
51 50 -5
76 49 -15
82 47 9
118 47 -23
38 102 -16
110 102 -10
107 84 -30
71 84 -19
98 90 -12
35 84 -11
67 55 -3
103 55 -24
106 73 2
57 87 -7
91 80 -13
97 57 -4
83 59 -8
80 41 -8
71 82 2
68 66 2
48 92 -9
120 92 -11
65 48 -13
84 92 8
52 122 -14
114 34 15
63 63 2
99 63 -13
50 115 -6
122 115 -7
86 115 -25
47 97 -25
119 97 -10
81 74 6
39 97 15
75 97 -9
40 48 -15
47 77 8
44 59 6
42 56 -15
116 59 2
80 59 4
52 121 -14
79 108 2
81 70 3
41 63 -3
39 38 -8
75 38 -7
113 63 -21
52 44 -13
47 119 -11
83 119 -9
118 48 -2
47 76 8
80 101 -8
116 101 -11
101 87 -16
44 101 -9
65 87 -35
41 83 -3
36 57 -4
86 117 -13
106 34 2
68 105 2
99 121 -4
55 40 -9
86 64 -15
47 99 -25
121 122 -4
41 41 -14
114 115 -10
74 65 -2
113 41 23
47 57 -6
91 82 -13
58 100 -8
71 47 -10
87 120 -11
107 47 7
59 51 -2
114 36 -19
87 71 -13
90 67 -19
116 39 -16
89 116 -17
86 54 -25
53 116 -10
44 39 15
79 88 -17
115 88 -5
53 37 -7
52 120 -14
84 53 -24
120 53 -9
117 65 -9
97 118 -9
36 63 -21
54 122 -12
73 92 9
109 92 -24
87 49 -6
51 49 -15
87 90 -4
51 90 -10
118 84 -31
82 84 -23
46 84 -30
92 55 -16
56 55 -21
89 113 -31
106 74 37
70 74 2
59 73 3
92 112 8
67 56 -5
54 89 -31
84 50 -12
48 50 -2
79 66 2
53 115 -2
68 108 2
89 115 -31
117 34 15
81 34 -9
36 119 -9
109 49 -17
102 41 -5
37 49 -11
56 120 -9
66 41 -12
101 90 -4
122 97 -12
88 42 -5
52 42 -14
87 48 -13
86 97 -25
69 101 -7
69 59 4
33 59 3
114 112 -12
47 79 -13
68 86 -15
37 59 -6
104 86 -26
102 83 -16
54 88 -12
66 63 -13
106 53 2
34 53 -19
70 53 -23
92 111 -6
99 65 -4
85 46 -9
63 65 -22
111 116 -10
75 116 -15
39 116 -14
67 35 -15
88 64 -15
54 87 -21
69 58 3
92 74 19
69 81 -15
86 116 -12
71 104 2
39 117 15
47 67 -13
75 117 -9
119 63 -3
59 54 -9
110 121 -9
38 121 -10
37 50 -4
101 89 -25
65 89 -30
68 85 2
34 54 -24
70 54 -28
81 33 3
79 86 -15
59 53 -9
106 54 2
80 82 3
44 82 3
98 92 -23
119 100 -10
47 100 -25
48 51 -9
120 51 -4
115 86 -34
84 51 -12
63 44 -21
83 49 -16
65 67 -16
67 53 -5
85 90 -4
114 37 -3
86 118 -13
92 56 -6
34 63 -2
117 55 -26
68 107 2
70 107 -4
47 78 8
106 121 2
98 49 -16
70 47 -47
54 51 -4
112 90 -12
89 38 -12
57 84 -14
120 113 -12
97 55 -24
87 67 -13
58 101 -8
57 44 -27
113 84 -30
91 83 -13
55 83 -19
120 49 -9
54 90 -12
48 49 -4
115 50 -3
63 80 2
40 111 -15
76 111 -11
50 103 -8
71 48 2
106 70 2
55 107 -4
44 81 -19
39 59 15
106 109 2
89 112 -31
89 97 -31
121 47 -23
111 59 -11
34 109 -14
75 59 4
70 109 -38
86 79 -15
101 46 -4
110 92 -23
55 63 -7
91 78 -13
119 41 -14
91 122 -13
83 41 -13
54 46 -9
55 122 -24
91 98 -13
55 98 -4
84 117 -31
51 87 -17
80 58 3
58 116 3
86 35 -18
87 52 -23
81 75 3
92 36 -6
120 74 6
119 83 -13
56 115 -2
120 34 15
48 34 -9
86 59 -12
50 59 5
113 40 3
47 120 -11
83 120 -9
111 39 15
92 71 -13
99 100 -6
114 38 -10
63 100 -10
82 103 -8
118 103 -9
86 119 -13
46 103 -8
81 51 -4
86 114 -25
57 88 -12
66 118 -8
44 102 -13
80 102 4
116 102 2
50 35 -6
76 67 -15
40 67 -15
47 101 -25
121 86 -14
119 101 -10
89 53 -24
119 37 -3
91 118 -13
55 102 -17
91 102 -12
63 113 -10
68 44 -21
80 83 -11
65 85 -8
80 78 3
44 78 3
52 84 -14
79 90 -17
41 65 -8
115 90 -5
122 55 -24
50 55 -11
44 112 3
51 47 -5
74 47 3
110 47 8
79 105 2
59 34 15
97 41 -3
92 91 8
87 111 -20
59 76 3
59 109 3
68 88 -17
47 88 8
34 51 -12
84 109 -31
106 51 2
69 116 -15
109 74 8
103 119 -9
50 111 -8
44 63 -21
122 99 -12
34 56 -16
70 56 -21
106 56 2
79 46 -17
108 41 -2
86 99 -25
36 41 -13
50 99 -8
115 46 -5
55 58 -19
76 87 -35
105 116 3
112 87 -21
39 119 15
116 122 -4
75 119 -29
80 122 -2
47 81 -13
111 119 -9
106 89 -3
92 75 6
82 64 -13
89 117 -19
118 64 -2
46 64 -15
53 57 -4
79 110 -3
92 113 -6
39 114 15
84 54 -28
120 54 -9
38 86 -24
89 57 -12
71 68 2
69 83 -8
122 39 15
50 39 -4
67 71 -10
88 100 -10
70 71 -21
106 71 2
34 71 -12
68 68 2
69 120 3
79 103 -3
114 51 -22
66 65 -8
59 36 -9
67 117 -5
42 51 -12
66 102 -7
102 102 2
44 118 -26
36 37 -7
80 118 3
81 69 3
107 86 -15
35 86 -11
71 86 -20
71 115 -5
70 119 -30
68 90 -17
99 84 -30
63 84 -5
106 113 2
70 113 -38
91 49 -13
34 113 -14
111 55 -26
87 121 -11
65 92 -39
101 92 -15
114 110 -12
37 67 -4
71 44 -21
35 44 -14
107 44 3
39 112 15
109 89 -32
71 108 2
69 44 4
47 114 -25
40 107 -3
119 114 -10
81 91 3
118 90 -28
70 49 -11
34 49 -2
106 91 2
59 56 -9
106 115 2
70 115 -42
71 63 -20
67 97 -5
71 42 -15
68 48 2
59 83 -9
53 65 -9
69 63 -5
69 76 3
66 120 -8
39 99 15
75 99 -9
68 70 2
105 41 -2
68 46 -17
90 53 -9
71 64 2
58 83 -8
109 87 -20
73 74 7
37 87 -7
66 58 -8
108 116 3
36 116 -8
108 59 3
72 59 3
36 59 -8
101 52 -13
65 52 -13
106 36 2
70 36 -18
100 115 -2
34 36 -14
91 65 -13
55 65 -38
47 47 -42
40 105 -3
69 98 -2
34 115 -14
98 34 -59
71 121 -5
54 50 -7
52 47 -9
111 84 -30
89 99 -31
120 89 -19
48 89 -16
74 106 9
87 107 -4
111 57 -4
75 57 -14
39 57 -6
67 41 -6
63 82 2
57 110 -7
44 120 3
80 120 3
81 71 3
88 113 -10
90 103 -9
120 36 -12
84 36 -19
92 117 -6
54 92 -23
71 88 -17
36 39 -19
44 70 3
39 79 -11
75 79 -19
69 118 -26
100 55 -4
87 74 2
77 102 2
87 54 -20
113 102 -10
81 49 -4
117 49 -9
110 84 -30
84 56 -21
59 113 -9
120 56 -9
64 55 -17
46 44 3
71 66 2
118 44 -27
84 67 -21
55 35 -24
51 58 -10
75 111 -9
53 119 -9
89 119 -19
97 59 4
86 112 -25
121 84 -31
117 115 -2
81 115 -4
106 122 2
92 73 6
50 101 -8
109 34 15
37 34 -7
122 101 -12
106 92 5
47 83 -13
115 48 -3
114 97 -12
120 111 -12
70 48 -15
56 51 -4
63 104 2
44 65 3
49 47 7
80 65 -26
44 76 3
80 76 3
118 88 -21
114 53 -10
42 53 -15
75 81 -19
84 111 -31
79 70 2
82 121 -11
47 36 -13
66 122 -11
102 122 -4
77 47 6
80 98 3
64 90 -7
113 47 11
44 98 -9
58 41 -2
57 46 -28
83 50 -7
83 116 -8
47 116 -10
39 35 -20
40 52 -15
41 58 -3
98 87 -21
77 116 2
63 58 2
86 52 -30
50 52 -13
85 47 -4
87 35 -16
69 104 3
83 34 -19
79 48 2
70 121 -30
86 121 -13
49 59 3
102 100 -11
119 34 15
82 41 -2
58 74 7
86 42 -6
101 39 15
56 39 -16
55 56 -21
59 106 2
91 56 -13
119 103 -10
100 51 -4
47 103 -25
103 118 -9
56 88 -12
92 88 6
118 41 -13
57 103 -7
63 117 2
40 101 -15
79 72 2
66 86 -18
88 38 -7
41 37 -3
105 84 -4
67 118 -24
63 112 -10
44 55 -8
80 55 -5
44 85 -9
80 85 3
76 54 -9
115 102 -16
40 54 -15
39 101 15
110 49 -16
68 40 2
66 37 -6
81 78 3
51 84 -20
58 113 -8
84 103 -31
69 55 3
54 102 -8
90 102 -15
105 55 -3
69 65 3
71 50 -12
87 114 -20
120 115 -7
58 34 15
84 52 -31
66 47 -3
102 47 -8
84 115 -31
48 115 -4
71 80 2
75 42 -7
101 44 -5
52 58 -14
68 81 2
65 44 2
114 109 -12
118 92 -11
55 46 -38
65 63 -23
91 76 -13
101 63 -13
42 79 -5
86 92 9
50 92 -3
79 63 -3
115 63 -20
122 92 -11
65 53 -8
101 53 -6
81 48 3
92 69 6
116 46 -16
44 46 3
80 46 -53
91 86 -13
79 111 -3
118 56 -9
47 74 10
105 59 3
59 87 -12
53 88 -7
46 81 -18
107 41 -2
44 56 -9
103 74 35
116 56 -9
88 116 -16
52 116 -13
47 64 -11
79 79 2
74 74 26
97 121 -9
71 40 2
67 119 -24
121 99 -9
106 57 2
40 114 -3
70 57 -13
65 54 -8
101 54 -6
84 113 -31
70 106 -4
87 92 9
92 81 -13
106 106 21
68 71 2
89 100 -31
89 51 -12
67 88 -3
53 51 -4
107 89 -20
71 89 -20
56 118 -9
92 118 -23
88 117 -10
120 41 -3
52 67 -2
68 72 2
88 67 -19
112 44 -13
114 39 15
55 37 -4
91 85 -13
40 44 5
89 79 -19
106 78 2
71 90 -17
121 49 -9
39 121 15
55 47 -30
91 47 4
47 113 -25
65 102 -14
101 102 -4
119 113 -10
98 84 -30
58 55 -23
63 107 2
120 87 -12
71 41 -14
35 41 -12
59 66 3
87 105 -4
92 48 -11
111 92 -23
54 63 -21
75 92 8
69 34 3
59 115 -4
83 57 -4
92 97 -6
36 74 6
108 74 7
120 97 -12
84 97 -31
92 82 6
67 48 -8
71 59 -7
92 109 6
69 56 -7
107 59 3
115 44 -7
81 79 3
68 63 -3
102 38 -9
56 119 -9
92 119 -23
90 111 -9
69 46 3
65 35 -11
55 104 -4
101 35 -16
55 118 -19
89 101 -31
92 87 -32
91 116 -12
55 116 -17
71 81 2
50 83 -11
81 57 3
122 83 -12
86 83 -18
88 98 -3
97 34 15
59 105 3
46 40 -6
82 40 -6
118 40 -2
114 100 -12
83 65 -9
47 65 -37
87 115 -23
119 65 -27
104 41 -3
90 54 -9
92 57 -23
56 57 -4
63 86 -5
99 86 -21
67 100 -5
80 47 -28
116 47 -8
69 103 -7
86 51 -13
50 51 -4
122 51 -4
87 36 -18
59 103 -9
63 87 -5
110 57 -4
116 116 2
80 116 4
44 116 -13
53 39 -7
106 88 2
76 102 -15
44 37 3
57 53 -9
115 120 -5
34 118 -8
70 118 -30
106 118 2
100 92 3
102 65 -16
112 102 -10
109 84 -30
37 84 -7
83 55 -19
44 113 -9
119 55 -37
116 113 -11
47 55 8
80 113 -8
97 74 6
54 47 -4
46 116 -14
99 89 -25
59 52 -19
119 112 -10
47 112 -25
92 72 6
58 56 -8
106 66 2
63 108 2
84 105 -4
81 66 3
79 42 -5
98 115 -2
36 34 -19
118 49 -9
104 63 -19
119 122 -5
46 49 -15
83 122 -12
47 122 -16
119 52 -13
63 98 2
103 39 15
57 41 -13
74 90 -2
64 46 -7
63 77 2
42 48 -5
114 101 -12
59 97 -9
69 112 3
113 86 -26
75 83 -9
63 76 2
41 86 -12
81 88 -2
117 88 -12
65 111 -8
101 111 -6
112 92 -23
118 71 -2
46 71 -18
82 71 -11
36 65 -9
51 89 -20
102 116 2
66 116 -7
51 119 -10
40 35 -10
76 35 -12
81 87 -12
51 59 -9
117 87 -12
75 52 -29
39 52 -37
105 47 7
70 120 -30
80 104 3
88 97 -10
59 75 3
44 104 3
106 75 2
76 36 -9
69 64 -14
92 110 6
83 121 -9
47 121 -11
40 81 -15
99 99 -6
110 89 -31
38 89 -31
63 99 -10
79 54 -3
52 86 -14
103 57 -4
89 92 8
64 39 -10
71 71 2
92 100 -6
35 71 -4
80 103 -8
116 103 -11
39 51 -11
44 103 -9
111 51 -4
75 51 -2
54 44 -13
122 74 6
86 74 3
35 46 -12
70 97 -38
51 102 -9
34 97 -14
87 102 -9
106 97 2
54 120 -9
67 79 -10
69 37 3
47 56 -16
119 56 -10
108 55 -3
56 92 -13
36 55 -19
92 78 6
107 49 -8
107 74 8
71 49 -15
121 90 -28
80 38 -5
116 38 -9
69 113 -7
120 84 -31
106 119 2
48 84 -16
75 113 -9
39 113 15
71 107 2
67 101 -5
48 44 -18
114 122 -5
120 44 4
84 44 -27
68 92 -9
104 84 -30
68 84 -19
104 89 -31
68 89 -17
106 114 2
70 114 -38
34 114 -10
91 73 -13
44 33 3
80 33 3
75 101 -9
57 49 -2
99 90 -4
40 106 23
121 111 -9
102 86 -4
102 59 2
66 59 -7
59 79 -2
74 46 -2
46 63 -23
69 77 3
82 63 -11
118 63 -2
34 65 -38
41 84 -12
85 122 -4
100 122 -4
63 46 -22
64 122 -5
110 41 -3
99 46 -4
82 98 -8
46 98 -8
78 92 7
71 58 -8
102 109 -11
114 92 -12
114 87 -12
114 52 -19
42 52 -24
55 117 -19
65 36 -8
91 117 -13
79 80 2
75 74 9
101 36 -6
39 74 3
81 105 3
69 82 3
65 115 -4
111 34 15
113 59 6
88 99 -10
77 59 2
41 59 -2
68 77 2
97 92 -23
69 33 3
87 57 -8
51 57 -5
59 114 3
48 39 -9
69 38 -7
65 71 -16
87 106 -4
114 56 -10
91 103 -13
91 68 -13
46 86 -42
55 103 -31
36 51 -4
55 112 -31
48 88 -16
39 118 15
75 118 -29
111 118 -9
71 102 -4
107 102 3
59 35 -9
58 86 -15
92 101 -6
76 98 -11
46 102 -14
82 102 -9
80 52 -17
59 44 6
89 83 -19
34 79 -12
70 79 -21
106 79 2
46 54 -8
82 54 -8
118 54 -9
52 64 -2
82 44 5
115 84 -30
79 84 -19
86 65 -42
52 90 -14
113 55 -24
41 55 -12
71 67 2
80 73 3
35 67 -4
83 47 -4
119 47 -24
68 98 2
70 105 -4
44 73 3
91 108 -13
55 108 -4
106 105 2
47 91 8
50 34 -4
104 49 -16
34 110 -16
52 41 -15
70 110 -38
76 115 -4
40 115 -10
112 115 -2
83 42 -16
103 92 -23
67 92 3
47 75 8
86 109 -25
55 59 -18
83 115 -2
40 102 -14
35 111 -8
39 109 15
107 111 -10
106 35 2
70 35 -40
34 35 -19
52 46 -14
99 41 -10
63 41 -9
92 70 6
103 87 -21
89 122 -24
53 122 -12
89 52 -31
102 103 -11
115 89 -32
79 89 -17
80 117 3
55 64 -16
91 64 -13
44 117 -9
91 70 -13
41 50 -3
79 40 2
115 40 -3
84 114 -31
63 85 2
57 54 -7
47 86 8
42 83 -15
83 86 -19
119 86 -15
98 57 -4
80 68 3
120 39 15
44 68 3
59 39 15
40 71 -15
76 71 -15
79 71 2
122 100 -12
115 71 -3
86 100 -25
50 100 -8
88 103 -10
39 65 -37
111 65 -9
46 117 -8
106 39 2
51 88 -10
36 47 -4
72 47 7
108 47 7
71 87 -15
63 37 2
53 118 -9
89 118 -19
35 54 -8
107 54 -10
116 86 -14
76 53 -9
44 86 -40
80 86 -5
40 53 -15
59 110 3
54 84 -31
66 55 -18
102 55 -4
69 73 3
118 67 -2
82 67 -13
92 92 -42
46 67 -18
98 44 -13
64 92 -9
102 112 -11
80 108 3
118 89 -19
82 89 -18
44 108 3
92 114 6
84 48 -16
79 49 -5
115 49 -17
50 56 -8
122 56 -9
79 115 -5
76 97 -11
59 48 -2
40 97 -15
37 119 -14
46 111 -8
82 111 -8
118 111 -9
88 51 -3
109 119 -10
106 64 2
34 101 -7
37 79 -4
70 101 -38
51 44 -14
106 101 2
76 38 -9
102 99 -11
71 72 2
59 74 9
84 59 -27
86 122 -18
41 46 -8
51 120 -10
67 83 -5
44 64 -16
122 84 -31
100 87 -2
64 87 -12
99 116 -4
63 116 3
63 59 3
92 52 -11
79 36 -3
69 117 -7
100 65 -9
64 65 -5
109 57 -5
37 57 -11
80 112 -8
53 34 -7
47 82 8
80 121 3
44 121 -26
97 39 15
63 50 2
66 121 -8
97 47 8
69 110 3
44 99 -9
116 99 -11
40 40 -13
57 89 -14
122 54 -9
84 57 -14
50 86 -8
115 58 -5
39 100 -58
50 116 3
84 110 -31
90 71 -19
75 100 -9
99 103 -6
63 103 -10
47 117 -11
57 36 -9
36 58 -9
81 92 -9
117 92 -11
117 39 15
81 39 -9
63 72 2
84 79 -21
52 37 -14
91 55 -13
78 74 8
80 77 3
44 77 3
104 102 -10
54 49 -16
90 49 -9
122 113 -12
86 113 -25
39 56 -15
101 84 -30
50 113 -8
75 56 -9
65 84 -30
102 90 -9
66 90 -8
73 44 3
117 51 -4
109 44 3
113 112 32
98 119 -9
52 59 -13
67 52 -36
69 108 3
112 84 -30
76 84 -30
68 80 2
90 115 -4
54 115 -2
92 105 6
47 73 8
59 101 -9
64 34 -10
69 42 -5
92 83 -6
106 48 2
87 97 -20
34 48 -9
69 80 3
88 81 -19
52 81 -2
47 51 -8
89 109 -31
119 51 -22
83 51 -4
89 65 -31
69 86 2
71 76 2
105 86 -4
87 53 -23
57 111 -7
91 121 -13
55 121 -19
39 122 15
65 40 -8
111 122 -12
50 47 9
71 98 2
86 47 -39
122 47 8
55 99 -31
66 46 -8
102 46 -16
40 110 -3
91 99 -13
84 35 -31
38 116 -16
53 87 -7
116 55 -18
110 116 -10
92 89 -23
104 116 -10
55 110 -31
54 58 -9
91 110 -13
41 52 -3
97 87 -21
117 122 -4
84 81 -21
71 75 2
67 64 -10
88 92 7
52 92 -9
82 115 -4
106 82 2
46 115 -3
118 115 -9
87 40 -11
40 59 5
110 34 15
112 59 -11
37 41 -8
81 122 -2
87 44 -34
87 99 -20
49 74 6
121 74 4
104 57 -4
68 57 2
65 98 -8
37 120 -7
59 49 -9
98 88 -12
86 106 -4
46 56 -8
91 84 -13
92 103 -6
91 51 -13
105 89 -3
69 89 3
112 118 -9
118 36 -14
82 36 -8
83 88 -12
46 36 -8
119 88 -22
90 117 -9
99 53 -6
63 53 -10
87 119 -11
40 118 -15
76 118 -28
112 65 -9
68 37 -3
35 55 -11
71 55 -20
107 55 -22
34 102 -15
70 102 -17
121 54 -9
106 102 3
111 86 -26
80 70 3
84 101 -31
47 49 -4
120 101 -12
53 50 -7
91 90 -13
56 116 -8
67 58 -3
55 90 -4
114 84 -30
92 79 -13
42 84 -7
121 113 -9
86 67 -15
76 92 -47
47 68 8
42 65 -31
114 65 -27
80 50 3
44 50 3
79 77 2
75 47 8
111 47 -4
110 86 -26
57 115 -9
119 89 -20
46 87 -35
48 42 -7
84 42 -7
59 81 -2
44 110 3
90 97 -9
69 109 3
80 110 -8
116 110 -11
87 79 -13
100 46 -9
47 92 16
56 63 -14
113 92 -23
77 92 9
70 63 -6
68 76 2
47 69 8
89 44 -27
81 76 3
53 46 -9
100 86 -5
88 111 -10
38 74 8
110 74 6
119 38 -10
64 86 -15
122 87 -12
50 87 -6
37 81 -4
88 52 -19
70 122 -35
35 56 -8
107 56 -10
115 116 -16
48 87 -12
89 105 -4
92 64 -11
59 82 3
112 119 -9
40 119 -15
76 119 -28
76 99 -11
121 114 -9
40 99 -15
54 86 -26
115 57 -12
79 57 2
76 39 -59
112 39 15
90 100 -9
101 118 -4
80 51 -12
67 103 -5
44 51 -2
35 36 -8
116 51 -16
116 89 -18
80 89 -5
65 118 -28
107 36 -10
79 117 2
34 83 -14
119 99 -10
84 120 -31
106 83 2
70 83 -15
64 84 -17
51 51 -3
103 44 4
67 44 -6
51 39 -15
87 100 -20
50 97 -8
90 118 -16
67 65 -3
118 37 -2
59 120 3
79 78 2
80 90 -9
58 49 -8
69 50 3
64 47 -2
100 47 -4
56 102 -8
92 102 -7
53 84 -7
116 90 -16
121 55 -35
63 52 -17
111 87 -21
65 59 2
99 52 -13
63 69 2
98 41 -13
66 92 -13
81 63 -2
117 63 -2
101 97 -6
65 97 -8
63 74 3
81 42 -4
57 97 -7
80 91 3
47 109 -25
119 109 -10
121 112 -9
79 76 2
113 49 -16
90 79 -19
34 44 15
116 65 -16
59 63 -2
106 44 5
70 44 -58
101 119 -4
65 119 -28
63 111 -10
99 111 -6
114 46 -29
81 64 3
40 58 -3
83 87 -19
112 58 -9
119 87 -13
82 116 -9
86 101 -25
91 52 -13
55 52 -33
84 49 -12
47 87 8
119 39 15
90 57 -12
54 57 -4
79 98 2
52 34 -14
86 105 -3
92 65 6
67 122 -5
56 65 -9
101 99 -6
65 99 -8
99 54 -6
118 114 -9
63 54 -10
36 86 -19
108 86 -4
91 104 -13
76 100 -11
69 71 -15
40 100 -15
53 47 -4
89 47 -23
114 103 -12
69 68 3
68 117 2
84 90 -4
107 116 3
71 116 -4
99 35 -16
98 39 -59
63 35 -5
67 102 -16
103 102 -10
80 69 3
71 37 -8
34 120 -8
102 53 -9
106 120 2
44 69 3
115 118 -17
81 117 3
55 92 8
69 49 -9
100 84 -4
53 102 -10
35 113 -8
72 92 7
110 55 -24
107 113 -10
88 74 8
67 57 -5
108 89 -3
34 119 -10
66 50 -4
86 108 -3
35 115 -13
81 55 -19
99 34 15
82 38 -6
118 38 -9
69 91 3
55 49 -9
92 122 6
54 119 -9
56 122 -12
90 119 -16
90 98 -4
47 90 4
48 41 -15
69 47 8
119 90 -29
83 90 -12
70 42 -6
69 48 -15
87 101 -20
40 98 -8
65 79 -16
122 86 -14
76 52 -45
120 83 -12
75 35 -12
48 63 -2
84 63 -7
120 63 -2
88 53 -10
69 70 3
69 69 3
55 71 -19
91 71 -13
89 114 -31
67 46 -3
81 65 -2
34 64 -9
70 64 -16
36 87 -19
88 101 -10
56 34 -16
87 81 -13
102 52 -16
78 47 7
114 47 -21
68 75 2
79 75 2
40 109 -3
59 64 -2
47 110 -25
91 50 -13
55 50 -12
92 121 -18
59 69 3
56 121 -9
119 110 -10
84 40 -9
90 99 -9
57 90 -19
83 89 -19
47 89 8
79 87 -12
88 54 -10
35 114 -8
63 33 2
97 86 -26
99 92 -15
112 57 -4
76 57 -31
40 57 -13
41 53 -3
116 92 -11
37 39 -7
116 54 -9
44 58 3
101 100 -6
44 71 -19
65 100 -8
89 103 -31
102 51 -16
66 51 -4
65 57 -23
113 74 78
77 74 7
82 81 -11
79 97 -3
91 72 -13
117 44 -13
109 39 15
118 65 -28
40 36 -15
40 79 -15
76 79 -15
104 118 -9
39 83 -13
99 55 -25
63 55 -5
86 107 -4
116 49 -9
121 89 -19
52 55 -14
80 49 3
44 49 -14
107 38 -8
115 119 -17
59 84 -28
102 113 -11
115 55 -25
79 55 -20
44 107 3
69 72 3
69 67 -15
39 44 15
111 44 -13
75 44 4
68 64 2
113 89 -31
41 51 -5
41 74 17
116 35 -9
92 66 6
79 114 -3
79 85 2
102 49 -9
66 49 -13
71 33 2
103 106 19
106 65 2
81 80 3
58 111 -8
89 48 -16
84 102 -17
118 83 -14
35 97 -8
67 47 3
107 97 -10
103 47 8
68 79 2
119 46 -29
37 44 -6
37 63 -9
44 48 -14
109 63 -20
36 46 -9
101 41 -10
65 41 -3
120 52 -19
105 92 4
69 87 3
112 116 -10
98 58 -9
76 116 -15
40 116 -14
69 52 -43
76 81 -15
82 117 -8
106 80 2
63 75 2
66 74 2
39 64 -11
102 74 2
75 64 -17
68 41 -13
102 34 -4
38 115 -5
103 121 -9
67 121 -22
59 40 -2
104 59 4
79 99 -3
63 56 -10
99 56 -6
57 39 -4
104 119 -9
63 51 -12
68 115 -5
98 89 -31
84 118 -31
111 88 -12
98 102 -10
70 104 -4
35 53 -8
67 86 -3
103 86 -26
44 72 3
80 72 3
101 101 -6
79 47 -12
112 37 -7
70 51 -13
107 53 -10
40 37 -5
37 118 -14
109 118 -10
37 102 -15
73 102 3
109 102 -8
50 44 5
122 44 4
86 44 -43
47 85 8
76 40 -7
115 79 -3
55 54 -28
91 54 -13
35 83 -8
91 113 -13
55 113 -31
59 65 3
68 55 -19
104 55 -24
91 107 -13
71 73 2
44 67 -19
67 90 -5
56 47 -4
92 47 16
84 38 -12
34 57 -4
46 48 -13
113 34 15
41 34 -8
115 41 -11
87 122 -16
79 41 -14
85 115 -2
51 122 -12
121 115 -9
59 50 3
46 97 -8
82 97 -8
69 111 -7
56 42 -14
82 59 5
92 80 6
118 112 -9
59 104 3
52 51 -14
44 111 -9
80 111 -8
116 111 -11
51 116 -9
91 74 43
66 34 -13
74 122 -2
98 63 -21
82 53 -8
118 53 -12
46 53 -8
91 69 -13
92 37 4
88 56 -10
54 41 -13
47 70 8
48 55 -16
84 98 -4
58 87 -11
37 58 -7
87 116 -9
121 38 -9
65 81 -16
44 52 -8
75 103 -9
99 36 -6
63 36 -12
52 89 -14
71 117 2
86 50 -8
90 101 -9
34 40 -7
70 40 -11
106 40 2
57 114 -7
40 120 -3
68 74 3
102 54 -9
112 120 -12
56 86 -21
92 86 -40
87 83 -18
68 39 -10
54 118 -9
104 39 -59
89 106 -5
106 100 2
70 100 -38
34 100 -16
88 71 -19
52 71 -2
59 100 -9
121 101 -9
84 65 -31
48 65 -14
41 36 -3
79 39 -10
115 39 15
52 65 -14
42 88 -7
114 88 -22
81 47 5
117 47 -4
54 37 -7
98 118 -9
44 54 -9
80 54 -9
53 86 -7
86 110 -25
86 90 -4
59 78 3
117 84 -30
81 84 -19
48 118 -2
57 55 -14
91 67 -13
83 92 -13
47 72 8
63 68 2
53 44 -13
57 112 -7
91 89 -13
89 108 -4
47 50 -6
44 74 9
116 74 2
80 74 4
75 48 -14
81 106 2
39 48 -11
88 49 -10
52 49 -14
121 97 -9
89 42 -7
53 42 -12
86 48 -13
46 119 -27
82 119 -11
55 111 -31
91 109 -13
91 111 -13
99 113 -6
51 92 -14
51 63 -15
56 87 -19
46 79 -18
78 44 3
79 101 -3
118 79 -2
87 63 -6
57 99 -7
51 41 -14
86 46 -44
89 64 -16
82 35 -11
40 83 -15
92 104 6
79 107 2
76 83 -11
91 87 -13
84 58 -31
90 81 -19
90 116 -15
118 35 -9
54 116 -8
98 59 -11
54 59 -8
47 52 -30
86 103 -25
37 65 -7
82 57 -11
46 57 -12
87 98 -4
52 115 -4
116 34 -16
89 121 -19
44 34 15
53 121 -9
36 50 -7
111 121 -9
106 47 10
35 99 -8
63 120 2
107 99 -10
102 89 -4
66 89 -18
92 106 10
69 107 3
106 58 2
81 82 3
98 120 -12
120 100 -12
84 100 -31
121 51 -21
85 51 -4
102 36 -16
108 92 2
54 39 -31
87 118 -11
79 37 -3
82 39 -13
115 37 -3
51 118 -10
33 74 7
105 74 7
69 85 3
82 55 -18
69 74 9
118 55 -35
71 77 2
63 49 2
99 49 -18
92 84 -23
56 84 -21
102 56 -9
111 90 -12
46 55 -8
64 44 -9
44 89 -28
99 74 2
100 44 -13
99 44 -5
116 83 -16
59 80 3
71 119 -5
115 59 -7
58 52 -18
119 49 -10
103 84 -30
67 84 -3
69 78 3
63 115 -10
65 101 -8
113 91 27
72 74 8
106 107 2
107 103 -10
37 86 -7
65 83 -8
101 83 -6
72 44 3
115 81 -3
64 88 -7
79 81 2
44 109 3
80 109 -8
81 104 3
116 109 -11
37 116 -15
98 65 -9
42 86 -5
114 86 -15
100 88 -4
112 63 -21
40 63 -10
102 111 -11
76 63 -24
84 122 -31
48 122 -4
112 41 -13
46 99 -8
111 46 -9
76 41 -3
40 41 3
118 99 -9
39 46 15
82 99 -8
101 116 -4
65 116 -14
57 35 -7
113 121 15
116 87 -11
44 87 -33
59 58 3
80 87 -2
118 110 -9
52 87 -14
39 81 -11
80 75 3
67 40 -5
40 64 -15
87 104 -4
76 64 -16
69 35 -9
79 92 -12
115 92 -29
65 34 -40
91 115 -13
79 82 2
55 115 -31
35 112 -8
91 105 -13
55 105 -4
104 121 -9
103 59 4
67 59 -6
101 34 15
64 41 -11
70 65 -42
76 74 6
40 74 39
100 41 -8
114 99 -12
113 57 -4
68 42 -5
92 98 -6
110 39 15
38 39 -39
81 68 3
46 100 -8
118 97 -9
118 100 -9
39 71 -11
82 100 -8
75 71 -19
65 103 -8
113 106 62
101 103 -6
118 51 -21
114 89 -19
42 89 -7
55 36 -19
46 59 3
48 86 -14
70 38 -13
59 37 3
98 55 -26
58 54 -8
97 102 -10
120 86 -14
57 101 -7
56 49 -14
35 51 -16
92 49 -8
100 90 -9
71 70 2
48 37 -2
63 78 2
69 84 3
83 37 -7
51 55 -20
76 113 -11
36 102 -8
40 113 -15
108 102 3
90 83 -9
59 67 -2
79 112 -3
92 68 6
51 65 -8
87 65 -35
69 121 -26
89 50 -12
69 114 3
90 92 8
79 33 2
103 89 -31
67 89 -3
102 115 -10
112 34 15
76 34 -59
106 77 2
48 47 -9
84 47 -23
120 47 8
52 119 -14
63 97 -10
119 44 -28
86 81 -15
34 58 15
35 110 -8
121 56 -9
99 97 -6
37 46 -7
86 111 -25
83 63 -21
122 111 -12
104 92 -23
97 63 -21
119 53 -10
47 53 -16
98 46 -9
65 74 7
109 86 -27
101 74 2
106 69 2
113 87 -21
41 87 -10
56 58 -9
115 122 -5
79 122 -5
91 75 -13
40 104 -3
106 116 3
80 105 3
70 116 -17
44 105 3
34 116 -8
65 64 -13
80 35 -5
44 35 -9
35 81 -4
68 82 2
115 121 -15
67 99 -5
90 56 -9
68 33 2
88 57 -12
52 57 -9
92 107 6
82 101 -8
118 101 -9
121 39 15
106 68 2
46 101 -8
35 100 -8
86 71 -15
107 100 -10
110 118 -9
84 37 -4
40 103 -15
71 51 -10
121 88 -21
76 103 -11
107 51 -3
38 118 -10
53 89 -7
69 40 -5
116 36 -16
70 117 -30
80 36 -12
106 117 2
44 36 -9
39 120 15
34 117 -10
111 120 -12
79 83 -3
70 67 -21
34 67 -12
55 42 -7
37 37 -4
63 118 2
99 118 -4
40 65 -3
114 83 -19
86 120 -13
35 79 -4
47 54 -23
71 79 2
104 44 4
103 49 -16
53 90 -12
73 47 7
109 47 7
101 113 -6
47 102 -10
65 113 -8
83 102 -8
116 84 -19
80 84 -5
44 84 -28
58 36 -8
76 55 -24
112 55 -26
81 107 3
79 73 2
102 87 -4
66 87 -16
88 47 7
56 59 -8
90 52 -38
92 108 6
53 41 -8
51 34 -15
106 84 -3
69 105 3
59 77 3
57 92 -6
41 115 -3
82 42 -13
121 109 -9
90 74 6
102 97 -11
90 42 -7
54 42 -16
83 118 -9
92 77 6
53 59 -11
87 56 -20
70 108 -4
106 108 2
102 84 -4
55 109 -31
106 76 2
86 63 -6
97 44 4
120 38 -9
110 119 -9
38 119 -10
51 46 -10
87 46 -35
47 48 -11
90 64 -16
116 112 -11
119 35 -10
107 101 -10
110 87 -21
109 116 -8
73 116 3
118 52 -14
82 52 -13
46 52 -9
38 87 -19
76 48 -15
63 57 2
106 98 2
70 98 -4
115 34 15
79 34 -10
90 121 -16
54 121 -9
112 122 -12
69 115 -2
50 41 -2
33 115 -3
101 65 -4
92 99 -6
55 106 -5
91 106 27
91 114 -13
55 114 -31
39 53 -18
81 86 -14
117 86 -14
70 81 -21
42 71 -5
48 119 -2
98 47 -4
87 103 -20
121 100 -9
68 51 -10
69 36 -7
84 104 -4
99 101 -6
81 67 3
98 116 -10
71 39 -17
52 88 -14
107 39 -44
58 102 3
71 69 2
121 110 -9
98 37 -7
75 53 -9
52 118 -14
88 118 -22
84 107 -4
114 49 -10
82 92 -12
116 52 -16
114 90 -29
69 90 3
65 55 -23
101 55 -25
120 35 -9
79 74 3
107 115 -6
68 73 2
117 89 -19
65 121 -28
40 56 -15
76 56 -11
81 89 -17
111 50 -7
35 35 -6
39 50 -3
81 108 3
46 39 15
106 104 2
63 66 2
44 115 -4
59 108 3
116 115 -10
98 122 -12
54 34 -31
42 90 -12
86 56 -20
101 122 -4
111 41 -13
63 119 2
64 49 -5
99 119 -4
81 98 3
56 90 -12
92 90 6
81 77 3
80 115 -11
78 59 3
44 75 3
87 112 -20
82 79 -11
63 109 -10
59 86 -16
57 83 -9
75 63 -7
111 63 -21
99 88 -4
47 111 -25
119 111 -10
68 49 -5
40 46 -3
54 65 -9
112 46 -9
84 116 -17
58 35 -8
79 64 2
99 87 -16
69 122 3
57 52 -9
42 81 -5
87 47 -30
71 120 -5
102 39 -4
101 121 -4
64 50 -3
39 40 -6
75 40 -7
116 114 -11
80 114 -8
56 89 -21
41 49 -5
106 86 -3
122 53 -9
47 80 8
50 53 -11
71 92 -14
86 53 -23
107 92 -10
89 71 -19
57 51 -16
36 44 -13
104 74 6
92 67 -13
69 102 -15
105 102 3
79 44 -21
58 103 -8
108 44 3
118 39 15
36 120 -9
50 74 7
87 37 -6
41 118 -3
113 118 -9
51 37 -8
65 56 -8
101 56 -6
54 55 -22
59 107 3
89 49 -9
88 119 -22
87 113 -20
66 84 -19
50 84 -11
106 55 -3
57 113 -7
89 107 -4
42 67 -5
66 44 -12
102 44 -12
39 110 15
84 108 -4
122 89 -19
50 89 -11
34 50 -4
47 66 8
82 83 -8
46 83 -8
110 59 4
111 49 -16
75 49 -12
35 103 -8
106 50 2
117 90 -12
79 65 -15
87 58 -11
76 42 -59
67 111 -5
79 109 -3
80 97 -8
44 97 -9
76 47 6
112 47 -4
116 97 -11
120 59 4
92 76 6
63 110 -10
64 63 -3
56 46 -9
81 46 -2
56 41 -13
118 122 -4
106 99 2
117 46 -9
63 70 2
69 92 10
53 58 -9
67 81 -10
67 116 -16
119 36 -13
84 64 -16
47 115 -25
57 34 -4
82 49 -11
119 115 -10
63 105 2
112 121 -9
76 121 -28
86 40 -11
70 99 -38
59 59 6
34 99 -15
112 89 -31
106 85 2
69 57 -12
50 54 -8
92 120 6
66 39 -13
87 38 -13
47 71 -13
41 119 -3
69 106 2
53 49 -16
113 119 -9
66 88 -11
90 51 -2
102 88 -4
89 102 -17
79 104 2
41 35 -3
67 67 -10
44 53 -9
80 53 -9
76 86 -45
112 86 -26
65 39 -40
116 53 -9
46 118 -27
82 118 -11
56 37 -7
41 44 -7
113 44 6
77 44 2
107 83 -10
52 79 -2
88 79 -19
81 90 -2
75 121 -26
71 78 2
82 113 -8
97 84 -30
46 113 -8
70 90 -4
106 90 2
59 55 -7
89 67 -19
118 113 -9
65 47 6
86 98 -3
106 67 2
91 48 -13
104 34 -59
68 34 -10
86 49 -6
122 49 -9
58 115 -3
55 97 -31
91 97 -13
114 111 -12
65 42 -32
49 92 4
121 92 -11
109 59 3
85 92 8
73 59 3
92 85 -6
79 51 -10
68 104 2
89 111 -31
57 109 -7
82 74 7
46 74 7
91 53 -13
55 53 -24
53 63 -12
79 67 2
79 56 -3
34 46 15
70 46 -59
117 41 -13
81 41 -3
59 99 -9
76 101 -11
106 46 2
75 98 -5
121 87 -12
107 52 -18
71 122 -10
35 52 -8
97 89 -31
37 64 -4
44 57 -8
63 101 -10
51 121 -10
102 114 -11
44 106 2
89 104 -4
81 85 3
39 54 -23
75 54 -9
67 120 -5
65 86 -45
101 86 -21
80 57 3
113 39 15
80 106 2
41 39 -8
79 100 -3
120 103 -12
59 68 3
106 103 2
34 103 -14
70 103 -38
57 65 -24
86 36 -18
50 36 -11
40 117 -15
87 51 -13
76 117 -11
52 39 -14
69 88 3
109 121 -10
75 102 -15
111 102 -10
90 47 8
117 37 -2
36 92 -13
38 84 -31
71 118 -5
89 54 -28
58 53 -8
98 86 -26
39 102 -14
68 78 2
108 84 -4
36 84 -19
79 113 -3
120 55 -24
74 92 8
80 44 -52
44 44 6
116 44 -12
84 112 -31
92 50 6
100 89 -4
64 89 -17
56 50 -7
69 66 3
71 74 3
81 37 -2
83 44 -13
39 103 15
97 49 -16
58 97 -8
79 91 2
65 38 -6
55 119 -19
91 119 -13
118 109 -9
90 113 -9
105 44 3
91 79 -13
56 44 -13
114 63 -3
33 44 3
79 69 2
120 99 -12
84 99 -31
59 46 3
68 122 -5
114 41 -13
82 56 -8
121 83 -12
118 87 -12
39 58 15
81 81 3
111 58 -9
82 87 -15
87 117 -11
48 90 -14
44 83 -9
91 57 -13
55 57 -12
82 48 -11
107 34 -44
71 34 -17
98 121 -9
35 34 -6
114 44 -28
84 121 -31
48 121 -2
111 89 -31
69 75 3
68 65 -15
63 114 -10
66 57 -4
102 110 -11
53 120 -12
89 120 -19
57 100 -7
40 51 -10
112 51 -4
76 51 -2
75 36 -9
65 117 -8
39 36 -13
87 59 -10
89 81 -19
80 88 -5
116 88 -16
99 39 15
81 72 3
34 37 -2
70 37 -6
106 37 2
85 44 -13
109 55 -25
42 54 -15
50 102 3
86 102 -12
114 54 -10
36 49 -15
119 92 -12
119 84 -32
83 84 -23
57 56 -7
47 84 8
37 55 -7
55 44 -35
80 66 3
44 66 3
75 67 -19
39 67 -11
118 81 -2
90 38 -9
80 119 3
106 59 5
121 52 -12
70 59 -29
34 59 15
44 119 -26
59 112 3
58 84 -30
36 115 -2
91 66 -13
87 108 -4
89 98 -4
58 44 3
58 59 3
118 34 15
82 34 -13
46 34 15
68 91 2
87 42 -6
51 42 -15
69 97 -7
52 48 -2
88 48 -15
55 48 -16
34 81 -12
106 81 2
35 109 -8
35 65 -20
71 65 -15
51 86 -20
59 70 3
103 63 -21
91 88 -13
69 53 -7
39 111 15
67 63 -3
57 122 -4
68 69 2
68 47 -9
104 47 8
84 46 -31
48 46 -14
92 116 -7
102 35 -9
80 56 -8
87 64 -13
107 87 -10
35 87 -8
86 58 -13
